97,3
97,2
97,1
97,0
0,575
0,574
0,573
96,3
96,2
96,1
96,0
0,572
95,4
95,3
95,2
95,1
95,0
94,4
94,3
94,2
94,1
94,0
93,6
93,5
93,4
93,3
93,2
93,1
93,0
92,6
92,5
92,4
92,3
92,2
92,1
92,0
91,6
91,5
91,4
91,3
91,2
91,1
91,0
90,4
90,3
90,2
90,1
90,0
89,3
89,2
89,1
89,0
88,3
88,2
88,1
88,0
0,571
87,4
87,3
87,2
87,1
87,0
86,4
86,3
86,2
86,1
86,0
0,570
0,569
85,4
85,3
85,2
85,1
85,0
84,4
84,3
84,2
84,1
84,0
83,4
83,3
83,2
83,1
83,0
82,4
82,3
82,2
82,1
82,0
81,4
81,3
81,2
81,1
81,0
80,3
80,2
80,1
80,0
79,4
79,3
79,2
79,1
79,0
78,3
78,2
78,1
78,0
77,3
77,2
77,1
77,0
76,5
76,4
0,568
76,3
76,2
76,1
76,0
75,3
75,2
75,1
75,0
74,4
74,3
74,2
0,567
74,1
74,0
73,3
73,2
73,1
73,0
0,566
0,565
0,564
0,563
72,4
72,3
72,2
72,1
72,0
71,4
71,3
71,2
71,1
71,0
70,6
70,5
70,4
70,3
70,2
70,1
70,0
69,6
69,5
69,4
69,3
69,2
69,1
69,0
68,6
68,5
68,4
68,3
68,2
68,1
68,0
67,4
67,3
67,2
67,1
67,0
66,3
66,2
66,1
66,0
65,3
65,2
65,1
65,0
64,4
64,3
64,2
64,1
64,0
63,4
63,3
63,2
63,1
63,0
62,4
62,3
62,2
62,1
62,0
61,4
61,3
61,2
61,1
61,0
60,4
60,3
60,2
60,1
60,0
59,4
59,3
59,2
59,1
59,0
58,4
2,5
2,4
58,3
58,2
58,1
58,0
57,3
57,2
57,1
57,0
56,4
56,3
56,2
56,1
56,0
55,3
55,2
55,1
55,0
54,3
54,2
54,1
54,0
53,5
53,4
53,3
53,2
53,1
53,0
52,3
52,2
52,1
52,0
51,4
51,3
51,2
51,1
51,0
50,3
50,2
50,1
50,0
0,310
0,305
0,308
0,307
0,302
0,304
0,303
0,12
0,10
0,8
0,0
0,416
0,415
0,300
0,414
0,413
0,299
0,495
0,298
0,496
0,412
0,297
0,492
0,411
0,296
0,491
0,410
0,295
0,530
0,493
0,294
0,490
0,409
0,293
0,529
0,407
0,292
0,550
0,406
0,291
0,488
0,405
0,290
0,487
0,289
0,549
0,489
0,288
0,559
0,404
0,287
0,548
0,403
0,286
0,547
0,402
0,285
0,528
0,400
0,284
0,527
0,399
0,283
0,526
0,401
0,282
0,398
0,397
0,281
0,525
0,396
0,280
0,395
0,394
0,279
0,393
0,392
0,278
0,391
0,390
0,277
0,389
0,388
0,276
0,546
0,275
0,486
0,387
0,274
0,485
0,386
0,273
0,484
0,385
0,272
0,483
0,482
0,271
0,545
0,384
0,270
0,524
0,383
0,269
0,544
0,382
0,268
0,481
0,381
0,267
0,523
0,480
0,266
0,558
0,265
0,479
0,380
0,264
0,478
0,379
0,263
0,477
0,378
0,262
0,476
0,475
0,261
0,557
0,377
0,260
0,522
0,376
0,259
0,474
0,375
0,258
0,543
0,374
0,257
0,521
0,473
0,256
0,542
0,472
0,255
0,520
0,373
0,254
0,471
0,372
0,253
0,470
0,371
0,252
0,469
0,251
0,468
0,370
0,250
0,467
0,369
0,249
0,519
0,368
0,248
0,518
0,367
0,247
0,541
0,517
0,246
0,516
0,466
0,245
0,465
0,366
0,244
0,556
0,365
0,242
0,464
0,364
0,241
0,463
0,363
0,408
0,422
0,455
0,494
0,499
30,1
1,0
30,5
1,3
3,1
3,3
27,1
27,3
29,0
29,2
29,3
30,4
31,0
31,2
32,0
32,1
32,3
33,0
33,2
33,4
34,0
34,2
34,3
35,1
35,2
35,4
36,1
36,2
36,4
37,0
37,2
37,4
39,0
39,2
39,3
41,0
41,2
41,3
44,0
44,1
44,3
44,4
47,1
47,3
47,4
47,6
49,0
49,2
49,4
2,2
49,3
49,1
47,5
47,2
47,0
44,2
41,4
41,1
39,4
39,1
37,3
37,1
36,3
36,0
35,3
35,0
34,1
33,3
33,1
32,2
31,3
31,1
30,2
29,1
27,2
27,0
3,0
1,1
0,513
30,3
30,0
2,1
0,334
2,3
0,322
2,0
0,243
0,9
0,240
0,515
0,462
0,239
0,461
0,362
0,238
0,460
0,361
0,237
0,540
0,360
0,236
0,539
0,359
0,235
0,538
0,514
0,234
0,459
0,233
0,458
0,358
0,232
0,457
0,357
0,231
0,555
0,356
0,230
0,554
0,355
0,229
0,512
0,354
0,228
0,511
0,353
0,227
0,510
0,456
0,226
0,352
0,225
0,454
0,351
0,224
0,509
0,350
0,223
0,537
0,349
0,222
0,536
0,453
0,221
0,508
0,452
0,220
0,451
0,348
0,219
0,535
0,347
0,218
0,534
0,346
0,217
0,507
0,345
0,216
0,450
0,344
0,215
0,506
0,343
0,214
0,553
0,342
0,213
0,552
0,341
0,212
0,560
0,340
0,211
0,551
0,339
0,210
0,448
0,338
0,209
0,447
0,337
0,208
0,449
0,336
0,207
0,446
0,445
0,206
0,444
0,335
0,205
0,443
0,562
0,204
0,442
0,333
0,203
0,441
0,332
0,202
0,440
0,439
0,201
0,533
0,505
0,200
0,504
0,331
0,199
0,438
0,330
0,198
0,437
0,329
0,197
0,503
0,328
0,196
0,435
0,195
0,532
0,434
0,194
0,436
0,327
0,193
0,433
0,326
0,192
0,432
0,325
0,63
0,431
0,324
0,62
0,430
0,323
0,61
0,429
0,321
0,60
0,428
0,427
0,59
0,502
0,320
0,58
0,426
0,319
0,57
0,425
0,318
0,56
0,501
0,317
0,55
0,531
0,54
0,498
0,424
0,53
0,500
0,316
0,52
0,497
0,315
0,51
0,561
0,314
0,50
0,421
0,313
0,49
0,423
0,312
0,48
0,420
0,311
0,47
0,419
0,309
0,46
0,418
0,306
0,45
0,417
0,301
0,6
0,5
0,1
0,11
0,4
0,2
0,3
0,7
